
   FW + RV HAPLOTYPES INTERSECTIONS
======================================

Cutting FW and RV at 0.2% followed by haplotypes intersection.

Frequencies as sum of reads FW+RV.


SUMMARY RESULTS BY READS NUMBER
===============================

      Pat.ID       Ampl.Nm fw.all fw.lowf fw.in fw.unq fw.com
1  131605576 HBV.1234.1631  11350    3101  8249    291   7958
2  131605576 HBV.2822.3296  11278    4954  6324    127   6197
3  131616614 HBV.1234.1631   1522     518  1004     43    961
4  131616614 HBV.2822.3296   9365    4330  5035    167   4868
5  131683812 HBV.1234.1631  15970    5420 10550    232  10318
6  131683812 HBV.2822.3296  11273    6078  5195    255   4940
7  131738749 HBV.1234.1631  12513    3802  8711    272   8439
8  131738749 HBV.2822.3296   5918    2224  3694    533   3161
9  131901367 HBV.1234.1631  15769    5056 10713    244  10469
10 131901367 HBV.2822.3296  55478   12623 42855    348  42507
11 131912616 HBV.1234.1631   5946    2043  3903     94   3809
12 131912616 HBV.2822.3296  10989    5934  5055    503   4552
13 131912624 HBV.1234.1631  14420    4044 10376    273  10103
14 131912624 HBV.2822.3296   9803    4964  4839    224   4615
15 131916374 HBV.1234.1631   8666    2698  5968    181   5787
16 131916374 HBV.2822.3296  10886    6669  4217    320   3897
17 131924997 HBV.1234.1631  10247    4040  6207    151   6056
18 131924997 HBV.2822.3296  15265    6256  9009    630   8379
19 131929413 HBV.1234.1631   5203    1673  3530    248   3282
20 131929413 HBV.2822.3296   8794    3634  5160    807   4353
21 131949113 HBV.1234.1631  17367    5031 12336    385  11951
22 131949113 HBV.2822.3296  11721    4842  6879    189   6690
23 131956471 HBV.1234.1631   3108    1066  2042     30   2012
24 131956471 HBV.2822.3296   6217    2563  3654    129   3525

      Pat.ID       Ampl.Nm rv.all rv.lowf rv.in rv.unq rv.com
1  131605576 HBV.1234.1631  12340    3541  8799    290   8509
2  131605576 HBV.2822.3296  11378    4710  6668    277   6391
3  131616614 HBV.1234.1631   1991     584  1407    110   1297
4  131616614 HBV.2822.3296   9010    3961  5049    659   4390
5  131683812 HBV.1234.1631  18814    6253 12561    256  12305
6  131683812 HBV.2822.3296   9478    5149  4329    248   4081
7  131738749 HBV.1234.1631  13632    4252  9380    253   9127
8  131738749 HBV.2822.3296   5468    1940  3528    369   3159
9  131901367 HBV.1234.1631  18970    6003 12967    264  12703
10 131901367 HBV.2822.3296  54479   13077 41402    520  40882
11 131912616 HBV.1234.1631   6162    2124  4038    176   3862
12 131912616 HBV.2822.3296  10325    5485  4840    399   4441
13 131912624 HBV.1234.1631  15263    4312 10951    394  10557
14 131912624 HBV.2822.3296  10897    5393  5504    394   5110
15 131916374 HBV.1234.1631   9705    3034  6671    168   6503
16 131916374 HBV.2822.3296  10691    6565  4126    903   3223
17 131924997 HBV.1234.1631  13631    5157  8474    317   8157
18 131924997 HBV.2822.3296  14771    6005  8766    578   8188
19 131929413 HBV.1234.1631   6841    2165  4676    159   4517
20 131929413 HBV.2822.3296   9137    3661  5476    560   4916
21 131949113 HBV.1234.1631  20065    5910 14155    299  13856
22 131949113 HBV.2822.3296  10245    4010  6235    294   5941
23 131956471 HBV.1234.1631   4152    1443  2709    112   2597
24 131956471 HBV.2822.3296   4776    1997  2779    526   2253

      Pat.ID       Ampl.Nm    all  lowf  unq ovrlp common Fn.rd
1  131605576 HBV.1234.1631  23690  6642  581 95.20  96.59 16467
2  131605576 HBV.2822.3296  22656  9664  404 93.01  96.89 12588
3  131616614 HBV.1234.1631   3513  1102  153 89.11  93.65  2258
4  131616614 HBV.2822.3296  18375  8291  826 86.60  91.81  9258
5  131683812 HBV.1234.1631  34784 11673  488 94.50  97.89 22623
6  131683812 HBV.2822.3296  20751 11227  503 91.65  94.72  9021
7  131738749 HBV.1234.1631  26145  8054  525 93.14  97.10 17566
8  131738749 HBV.2822.3296  11386  4164  902 85.31  87.51  6320
9  131901367 HBV.1234.1631  34739 11059  508 94.43  97.85 23172
10 131901367 HBV.2822.3296 109957 25700  868 97.00  98.97 83389
11 131912616 HBV.1234.1631  12108  4167  270 92.72  96.60  7671
12 131912616 HBV.2822.3296  21314 11419  902 85.36  90.88  8993
13 131912624 HBV.1234.1631  29683  8356  667 96.09  96.87 20660
14 131912624 HBV.2822.3296  20700 10357  618 89.80  94.02  9725
15 131916374 HBV.1234.1631  18371  5732  349 94.94  97.24 12290
16 131916374 HBV.2822.3296  21577 13234 1223 78.07  85.34  7120
17 131924997 HBV.1234.1631  23878  9197  468 95.39  96.81 14213
18 131924997 HBV.2822.3296  30036 12261 1208 92.02  93.20 16567
19 131929413 HBV.1234.1631  12044  3838  407 91.91  95.04  7799
20 131929413 HBV.2822.3296  17931  7295 1367 83.91  87.15  9269
21 131949113 HBV.1234.1631  37432 10941  684 95.24  97.42 25807
22 131949113 HBV.2822.3296  21966  8852  483 92.32  96.32 12631
23 131956471 HBV.1234.1631   7260  2509  142 89.77  97.01  4609
24 131956471 HBV.2822.3296  10993  4560  655 80.56  89.82  5778


Total counts:

 fw.all fw.lowf   fw.in  fw.unq  fw.com 
 289068  103563  185505    6676  178829 

 rv.all rv.lowf   rv.in  rv.unq  rv.com 
 302221  106731  195490    8525  186965 

   all   lowf    unq  Fn.rd 
591289 210294  15201 365794 


Percentage:

 fw.all fw.lowf   fw.in  fw.unq  fw.com 
 100.00   35.83   64.17    2.31   61.86 

 rv.all rv.lowf   rv.in  rv.unq  rv.com 
 100.00   35.32   64.68    2.82   61.86 

   all   lowf    unq  Fn.rd 
100.00  35.57   2.57  61.86 

