
Table of reads identified by primer

      Pat.ID MID       Ampl.ID Tot.reads Shorts FW.match RV.match FW.fn.match RV.fn.match Fn.reads
1  131683812  15 HBV.1234.1631     43959      0    17891    21238       15970       18814    34784
2  131738749  16 HBV.1234.1631     33383      0    14152    15418       12513       13632    26145
3  131901367  17 HBV.1234.1631     44009      0    17818    21369       15769       18970    34739
4  131912616  18 HBV.1234.1631     15465      0     6740     6960        5946        6162    12108
5  131912624  19 HBV.1234.1631     37831      0    16228    17254       14420       15263    29683
6  131916374  20 HBV.1234.1631     23500      0     9806    11007        8666        9705    18371
7  131924997  21 HBV.1234.1631     29342      0    11364    15238       10247       13631    23878
8  131929413  22 HBV.1234.1631     15271      0     5921     7724        5203        6841    12044
9  131949113  23 HBV.1234.1631     47304      0    19561    22676       17367       20065    37432
10 131956471  24 HBV.1234.1631      9247      0     3512     4678        3108        4152     7260
11 131616614  25 HBV.1234.1631      4618      0     1792     2305        1522        1991     3513
12 131605576  26 HBV.1234.1631     30138      0    12875    13921       11350       12340    23690
13 131683812  28 HBV.2822.3296     23397      0    12508     9728       11273        9478    20751
14 131738749   2 HBV.2822.3296     14725      0     6680     6354        5918        5468    11386
15 131901367   3 HBV.2822.3296    138737      0    61442    61890       55478       54479   109957
16 131912616   4 HBV.2822.3296     27601      0    12399    11891       10989       10325    21314
17 131912624   5 HBV.2822.3296     26349      0    10910    12484        9803       10897    20700
18 131916374   6 HBV.2822.3296     27418      0    12190    12315       10886       10691    21577
19 131924997   7 HBV.2822.3296     37180      0    16867    16778       15265       14771    30036
20 131929413   8 HBV.2822.3296     23321      0    10116    10768        8794        9137    17931
21 131949113  29 HBV.2822.3296     24941      0    13089    10463       11721       10245    21966
22 131956471  30 HBV.2822.3296     12494      0     6963     4876        6217        4776    10993
23 131616614  31 HBV.2822.3296     20923      0    10488     9265        9365        9010    18375
24 131605576  14 HBV.2822.3296     28873      0    12530    13037       11278       11378    22656

      Pat.ID       Ampl.Nm Pr.ID Str  Pos   Len Reads Hpls
1  131683812 HBV.1234.1631     1  fw 1255   357 15970 3294
2  131683812 HBV.1234.1631     1  rv 1255   357 18814 3611
3  131738749 HBV.1234.1631     1  fw 1255 356.8 12513 2310
4  131738749 HBV.1234.1631     1  rv 1255 356.8 13632 2519
5  131901367 HBV.1234.1631     1  fw 1255   357 15769 2930
6  131901367 HBV.1234.1631     1  rv 1255   357 18970 3453
7  131912616 HBV.1234.1631     1  fw 1255   357  5946 1451
8  131912616 HBV.1234.1631     1  rv 1255   357  6162 1534
9  131912624 HBV.1234.1631     1  fw 1255 356.8 14420 1906
10 131912624 HBV.1234.1631     1  rv 1255 356.8 15263 2064
11 131916374 HBV.1234.1631     1  fw 1255   357  8666 1806
12 131916374 HBV.1234.1631     1  rv 1255   357  9705 1995
13 131924997 HBV.1234.1631     1  fw 1255 356.8 10247 2363
14 131924997 HBV.1234.1631     1  rv 1255 356.9 13631 2843
15 131929413 HBV.1234.1631     1  fw 1255 356.9  5203 1056
16 131929413 HBV.1234.1631     1  rv 1255   357  6841 1239
17 131949113 HBV.1234.1631     1  fw 1255   357 17367 2817
18 131949113 HBV.1234.1631     1  rv 1255   357 20065 3228
19 131956471 HBV.1234.1631     1  fw 1255   357  3108  901
20 131956471 HBV.1234.1631     1  rv 1255   357  4152 1186
21 131616614 HBV.1234.1631     1  fw 1255   357  1522  462
22 131616614 HBV.1234.1631     1  rv 1255   357  1991  521
23 131605576 HBV.1234.1631     1  fw 1255   357 11350 1637
24 131605576 HBV.1234.1631     1  rv 1255   357 12340 1834
25 131683812 HBV.2822.3296     2  fw 2844 410.8 11273 4048
26 131683812 HBV.2822.3296     2  rv 2844 411.1  9478 3523
27 131738749 HBV.2822.3296     2  fw 2844 426.1  5918 1506
28 131738749 HBV.2822.3296     2  rv 2844 426.3  5468 1295
29 131901367 HBV.2822.3296     2  fw 2844 225.7 55478 4783
30 131901367 HBV.2822.3296     2  rv 2844 225.3 54479 4905
31 131912616 HBV.2822.3296     2  fw 2844 425.6 10989 4350
32 131912616 HBV.2822.3296     2  rv 2844 426.7 10325 4080
33 131912624 HBV.2822.3296     2  fw 2844 399.6  9803 3349
34 131912624 HBV.2822.3296     2  rv 2844 400.1 10897 3589
35 131916374 HBV.2822.3296     2  fw 2844 408.3 10886 5066
36 131916374 HBV.2822.3296     2  rv 2844   410 10691 5081
37 131924997 HBV.2822.3296     2  fw 2844 408.3 15265 3386
38 131924997 HBV.2822.3296     2  rv 2844 408.3 14771 3222
39 131929413 HBV.2822.3296     2  fw 2844 421.1  8794 2321
40 131929413 HBV.2822.3296     2  rv 2844 422.2  9137 2229
41 131949113 HBV.2822.3296     2  fw 2844 400.2 11721 3220
42 131949113 HBV.2822.3296     2  rv 2844 400.1 10245 2804
43 131956471 HBV.2822.3296     2  fw 2844 428.4  6217 1964
44 131956471 HBV.2822.3296     2  rv 2844 428.2  4776 1678
45 131616614 HBV.2822.3296     2  fw 2844   428  9365 3161
46 131616614 HBV.2822.3296     2  rv 2844 428.5  9010 3010
47 131605576 HBV.2822.3296     2  fw 2844   430 11278 3406
48 131605576 HBV.2822.3296     2  rv 2844 430.9 11378 3274

Total reads identified by patient

          FW.fn.match RV.fn.match
131605576       22628       23718
131616614       10887       11001
131683812       27243       28292
131738749       18431       19100
131901367       71247       73449
131912616       16935       16487
131912624       24223       26160
131916374       19552       20396
131924997       25512       28402
131929413       13997       15978
131949113       29088       30310
131956471        9325        8928

Yield by pool

             MIDReads PrimerReads      Pct
VHBASS35X      334067      263647 78.92040
VHBASS3PRES1   405959      327642 80.70815
