
   GENOTYPING HBV CONSENSUS HAPLOTYPES
=========================================

 Results of discriminant analysis by the DB rule:



Coverage by patient:
131605576 131616614 131683812 131738749 131901367 131912616 131912624 131916374 131924997 131929413 131949113 131956471 
    16344      2039     21286     17163     22398      6514     20453     11694     13267      7648     25048      3685 


Summary by coverage in number of reads classified:

              A    B    C    D     E F G H flag
131605576 15927    0    0  417     0 0 0 0     
131616614  2039    0    0    0     0 0 0 0     
131683812 13496    0    0    0  7790 0 0 0     
131738749 12251    0 4912    0     0 0 0 0     
131901367 21419    0  979    0     0 0 0 0     
131912616  6514    0    0    0     0 0 0 0     
131912624 20453    0    0    0     0 0 0 0     
131916374  9423 2271    0    0     0 0 0 0     
131924997   510    0    0    0 12757 0 0 0     
131929413   305    0 7343    0     0 0 0 0     
131949113 20330    0 3012 1706     0 0 0 0     
131956471  1668    0    0    0  2017 0 0 0     


Summary in percentage by genotype:

               A     B     C    D     E F G H flag
131605576  97.45  0.00  0.00 2.55  0.00 0 0 0     
131616614 100.00  0.00  0.00 0.00  0.00 0 0 0     
131683812  63.40  0.00  0.00 0.00 36.60 0 0 0     
131738749  71.38  0.00 28.62 0.00  0.00 0 0 0     
131901367  95.63  0.00  4.37 0.00  0.00 0 0 0     
131912616 100.00  0.00  0.00 0.00  0.00 0 0 0     
131912624 100.00  0.00  0.00 0.00  0.00 0 0 0     
131916374  80.58 19.42  0.00 0.00  0.00 0 0 0     
131924997   3.84  0.00  0.00 0.00 96.16 0 0 0     
131929413   3.99  0.00 96.01 0.00  0.00 0 0 0     
131949113  81.16  0.00 12.02 6.81  0.00 0 0 0     
131956471  45.26  0.00  0.00 0.00 54.74 0 0 0     


Globally by genotype:

    A     B     C     D     E     F     G     H 
70.22  1.62 11.75  0.78 15.62  0.00  0.00  0.00 

sorted in decreasing order:

    A     E     C     B     D     F     G     H 
70.22 15.62 11.75  1.62  0.78  0.00  0.00  0.00 
