
   GENOTYPING HBV CONSENSUS HAPLOTYPES
=========================================

 Results of discriminant analysis by the DB rule:

          Pnm      Ampl                 Hpl Type  MinPhi2 NextMin  Ratio flag
1   131605576 2844:3276   0.0001|5950|47.27    B 2.69e-03 0.01860   6.91     
2   131605576 2844:3276     1.0001|653|5.19    B 2.98e-03 0.01930   6.48     
3   131605576 2844:3276     1.0002|278|2.21    B 2.86e-03 0.01940   6.78     
4   131605576 2844:3276     1.0003|184|1.46    B 3.00e-03 0.01850   6.17     
5   131605576 2844:3276     1.0004|183|1.45    B 2.97e-03 0.01930   6.50     
6   131605576 2844:3276     1.0005|156|1.24    B 3.00e-03 0.01940   6.47     
7   131605576 2844:3276    2.0001|2543|20.2    B 3.17e-03 0.01930   6.09     
8   131605576 2844:3276     2.0002|244|1.94    B 3.29e-03 0.02000   6.08     
9   131605576 2844:3276      2.0003|139|1.1    B 3.32e-03 0.02010   6.05     
10  131605576 2844:3276     3.0001|423|3.36    B 3.51e-03 0.01930   5.50     
11  131605576 2844:3276     3.0002|324|2.57    B 3.48e-03 0.01960   5.63     
12  131605576 2844:3276    239.0001|139|1.1    A 2.17e-03 0.01050   4.84     
13  131616614 2844:3276    0.0001|3017|32.9    E 2.91e-04 0.01560  53.61     
14  131616614 2844:3276     1.0001|235|2.56    E 3.86e-04 0.01640  42.49     
15  131616614 2844:3276     4.0001|161|1.76    E 2.08e-04 0.01550  74.52     
16  131616614 2844:3276     5.0001|291|3.17    E 2.91e-04 0.01630  56.01     
17  131616614 2844:3276     6.0001|542|5.91    E 3.52e-04 0.01680  47.73     
18  131616614 2844:3276     6.0002|290|3.16    E 3.84e-04 0.01700  44.27     
19  131616614 2844:3276   7.0001|2165|23.61    E 2.91e-04 0.01570  53.95     
20  131616614 2844:3276     7.0002|912|9.94    E 2.08e-04 0.01550  74.52     
21  131616614 2844:3276     7.0003|629|6.86    E 2.08e-04 0.01490  71.64     
22  131616614 2844:3276     8.0001|622|6.78    E 2.91e-04 0.01620  55.67     
23  131683812 2844:3276   0.0001|4101|45.46    E 1.71e-04 0.01500  87.72     
24  131683812 2844:3276     1.0001|503|5.58    E 2.52e-04 0.01580  62.70     
25  131683812 2844:3276     1.0002|143|1.59    E 2.52e-04 0.01550  61.51     
26  131683812 2844:3276     1.0003|109|1.21    E 2.52e-04 0.01570  62.30     
27  131683812 2844:3276     1.0004|103|1.14    E 2.24e-04 0.01580  70.54     
28  131683812 2844:3276     2.0001|129|1.43    E 2.52e-04 0.01580  62.70     
29  131683812 2844:3276   4.0001|1423|15.77    E 5.32e-04 0.01820  34.21     
30  131683812 2844:3276      5.0001|469|5.2    E 6.60e-04 0.01910  28.94     
31  131683812 2844:3276     8.0001|132|1.46    E 3.33e-04 0.01690  50.75     
32  131683812 2844:3276    18.0001|381|4.22    E 1.49e-04 0.01450  97.32     
33  131683812 2844:3276    75.0001|152|1.68    E 2.08e-04 0.01690  81.25     
34  131683812 2844:3276    76.0001|166|1.84    E 3.18e-04 0.01800  56.60     
35  131738749 2844:3276   0.0001|6016|95.19    C 3.07e-04 0.00781  25.44     
36  131738749 2844:3276   236.0001|149|2.36    A 2.17e-03 0.01050   4.84     
37  131901367 2844:3276  0.0001|57110|68.49    A 2.17e-03 0.01050   4.84     
38  131901367 2844:3276    1.0001|2064|2.48    A 2.77e-03 0.01170   4.22     
39  131901367 2844:3276    1.0002|1133|1.36    A 1.62e-03 0.00938   5.79     
40  131901367 2844:3276      1.0003|999|1.2    A 2.75e-03 0.01170   4.26     
41  131901367 2844:3276     1.0004|844|1.01    A 2.77e-03 0.01170   4.22     
42  131901367 2844:3276     5.0001|840|1.01    A 1.52e-03 0.00934   6.14     
43  131901367 2844:3276   18.0001|2697|3.23    A 1.86e-03 0.00996   5.36     
44  131901367 2844:3276   42.0001|1494|1.79    A 1.14e-03 0.01130   9.91     
45  131901367 2844:3276   43.0001|1198|1.44    A 1.57e-03 0.01240   7.90     
46  131901367 2844:3276    60.0001|3418|4.1    A 8.27e-04 0.01080  13.06     
47  131901367 2844:3276   61.0001|2594|3.11    A 1.26e-03 0.01200   9.52     
48  131912616 2844:3276   0.0001|1410|15.68    A 2.05e-03 0.00824   4.02     
49  131912616 2844:3276   1.0001|1352|15.03    A 1.78e-03 0.00772   4.34     
50  131912616 2844:3276     1.0002|304|3.38    A 1.84e-03 0.00867   4.71     
51  131912616 2844:3276     2.0001|595|6.62    A 1.98e-03 0.00819   4.14     
52  131912616 2844:3276     2.0002|466|5.18    A 1.74e-03 0.00821   4.72     
53  131912616 2844:3276     2.0003|308|3.42    A 1.58e-03 0.00814   5.15     
54  131912616 2844:3276     3.0001|263|2.92    A 2.01e-03 0.00772   3.84     
55  131912616 2844:3276     3.0002|186|2.07    A 2.01e-03 0.00877   4.36     
56  131912616 2844:3276     3.0003|125|1.39    A 1.54e-03 0.00864   5.61     
57  131912616 2844:3276     3.0004|111|1.23    A 1.78e-03 0.00862   4.84     
58  131912616 2844:3276     4.0001|720|8.01    A 2.11e-03 0.00823   3.90     
59  131912616 2844:3276     4.0002|453|5.04    A 1.68e-03 0.00826   4.92     
60  131912616 2844:3276     4.0003|386|4.29    A 1.80e-03 0.00814   4.52     
61  131912616 2844:3276      4.0004|189|2.1    A 2.28e-03 0.00932   4.09     
62  131912616 2844:3276     5.0001|452|5.03    A 1.49e-03 0.00869   5.83     
63  131912616 2844:3276     5.0002|119|1.32    A 1.90e-03 0.00866   4.56     
64  131912616 2844:3276     7.0001|131|1.46    A 2.00e-03 0.00976   4.88     
65  131912616 2844:3276   132.0001|186|2.07    A 6.87e-04 0.00849  12.36     
66  131912616 2844:3276   223.0001|175|1.95    A 2.17e-03 0.01050   4.84     
67  131912624 2844:3276   0.0001|3660|37.97    D 1.30e-03 0.01630  12.54     
68  131912624 2844:3276   1.0001|3118|32.35    D 1.16e-03 0.01710  14.74     
69  131912624 2844:3276     1.0002|162|1.68    D 1.44e-03 0.01630  11.32     
70  131912624 2844:3276     2.0001|435|4.51    D 1.08e-03 0.01700  15.74     
71  131912624 2844:3276      2.0002|270|2.8    D 1.39e-03 0.01770  12.73     
72  131912624 2844:3276     2.0003|162|1.68    D 1.29e-03 0.01710  13.26     
73  131912624 2844:3276     2.0004|149|1.55    D 1.39e-03 0.01770  12.73     
74  131912624 2844:3276     3.0001|211|2.19    D 1.53e-03 0.01710  11.18     
75  131912624 2844:3276     3.0002|105|1.09    D 1.58e-03 0.01870  11.84     
76  131912624 2844:3276     5.0001|159|1.65    D 1.89e-03 0.01910  10.11     
77  131912624 2844:3276     5.0002|109|1.13    D 1.78e-03 0.01850  10.39     
78  131912624 2844:3276     6.0001|478|4.96    D 2.05e-03 0.01910   9.32     
79  131916374 2844:3276   0.0001|1610|22.61    B 2.63e-03 0.02300   8.74     
80  131916374 2844:3276   1.0001|1448|20.34    B 2.34e-03 0.02210   9.44     
81  131916374 2844:3276     1.0002|274|3.85    B 2.95e-03 0.02240   7.59     
82  131916374 2844:3276     1.0003|219|3.08    B 2.94e-03 0.02380   8.10     
83  131916374 2844:3276     1.0004|126|1.77    B 2.86e-03 0.02380   8.32     
84  131916374 2844:3276     1.0005|125|1.76    B 2.95e-03 0.02390   8.10     
85  131916374 2844:3276     2.0001|708|9.94    B 2.64e-03 0.02150   8.14     
86  131916374 2844:3276     2.0002|186|2.61    B 2.64e-03 0.02300   8.71     
87  131916374 2844:3276     2.0003|170|2.39    B 2.56e-03 0.02290   8.95     
88  131916374 2844:3276   183.0001|226|3.17    B 3.09e-03 0.03170  10.26     
89  131916374 2844:3276 184.0001|1073|15.07    B 2.55e-03 0.02990  11.72     
90  131916374 2844:3276   185.0001|180|2.53    B 2.94e-03 0.03180  10.82     
91  131916374 2844:3276    185.0002|135|1.9    B 4.30e-03 0.03550   8.26     
92  131916374 2844:3276   245.0001|110|1.54    A 2.17e-03 0.01050   4.84     
93  131924997 2844:3276  0.0001|15154|92.22    E 3.99e-04 0.01790  44.86     
94  131924997 2844:3276     1.0001|434|2.64    E 2.99e-04 0.01700  56.86     
95  131924997 2844:3276     1.0002|200|1.22    E 5.13e-04 0.01880  36.65     
96  131924997 2844:3276     3.0001|321|1.95    E 3.31e-04 0.01700  51.36     
97  131924997 2844:3276     5.0001|174|1.06    E 1.62e-04 0.01570  96.91     
98  131929413 2844:3276   0.0001|8689|93.74    C 6.75e-06 0.00523 774.82     
99  131929413 2844:3276   183.0001|226|2.44    C 6.83e-04 0.00672   9.84     
100 131929413 2844:3276   232.0001|242|2.61    A 2.17e-03 0.01050   4.84     
101 131949113 2844:3276   0.0001|5914|47.07    D 2.28e-03 0.01790   7.85     
102 131949113 2844:3276     1.0001|234|1.86    D 2.00e-03 0.01710   8.55     
103 131949113 2844:3276     1.0002|230|1.83    D 2.00e-03 0.01730   8.65     
104 131949113 2844:3276   2.0001|2944|23.43    D 1.73e-03 0.01650   9.54     
105 131949113 2844:3276     2.0002|170|1.35    D 2.84e-03 0.01760   6.20     
106 131949113 2844:3276     3.0001|858|6.83    D 2.00e-03 0.01730   8.65     
107 131949113 2844:3276     3.0002|388|3.09    D 2.00e-03 0.01730   8.65     
108 131949113 2844:3276      3.0003|189|1.5    D 1.74e-03 0.01650   9.48     
109 131949113 2844:3276     8.0001|180|1.43    D 3.49e-03 0.02160   6.19     
110 131949113 2844:3276    10.0001|242|1.93    D 2.24e-03 0.02070   9.24     
111 131949113 2844:3276    12.0001|474|3.77    D 2.28e-03 0.01880   8.25     
112 131949113 2844:3276    12.0002|216|1.72    D 2.58e-03 0.01960   7.60     
113 131949113 2844:3276    13.0001|140|1.11    D 2.66e-03 0.01880   7.07     
114 131956471 2844:3276   0.0001|2300|40.17    E 4.07e-04 0.01560  38.33     
115 131956471 2844:3276     1.0001|496|8.66    E 5.16e-04 0.01560  30.23     
116 131956471 2844:3276    2.0001|711|12.42    E 3.64e-04 0.01640  45.06     
117 131956471 2844:3276     2.0002|478|8.35    E 4.07e-04 0.01560  38.33     
118 131956471 2844:3276     2.0003|194|3.39    E 6.37e-04 0.01640  25.75     
119 131956471 2844:3276     3.0001|312|5.45    E 4.70e-04 0.01720  36.60     
120 131956471 2844:3276   4.0001|1028|17.95    E 5.88e-04 0.01720  29.25     

      Phi2.A  Phi2.B   Phi2.C  Phi2.D   Phi2.E Phi2.F Phi2.G Phi2.H
1   0.018600 0.00269 1.92e-02 0.04010 0.051700 0.0910 0.0603 0.0858
2   0.019300 0.00298 1.98e-02 0.04130 0.053200 0.0897 0.0619 0.0871
3   0.019400 0.00286 2.00e-02 0.04140 0.053200 0.0931 0.0618 0.0878
4   0.018700 0.00300 1.85e-02 0.04140 0.051800 0.0889 0.0587 0.0839
5   0.019300 0.00297 1.98e-02 0.03880 0.053200 0.0911 0.0587 0.0878
6   0.019400 0.00300 2.00e-02 0.04140 0.053200 0.0931 0.0618 0.0878
7   0.019500 0.00317 1.93e-02 0.04270 0.053200 0.0910 0.0603 0.0858
8   0.020000 0.00329 2.05e-02 0.04010 0.054600 0.0932 0.0603 0.0898
9   0.020100 0.00332 2.07e-02 0.04270 0.054800 0.0919 0.0619 0.0892
10  0.019500 0.00351 1.93e-02 0.04410 0.054800 0.0932 0.0619 0.0879
11  0.020300 0.00348 1.96e-02 0.04140 0.054700 0.0927 0.0618 0.0878
12  0.002170 0.01680 1.05e-02 0.03990 0.058700 0.0765 0.0687 0.0702
13  0.039900 0.05420 4.29e-02 0.01560 0.000291 0.0833 0.0229 0.0697
14  0.041200 0.05580 4.37e-02 0.01640 0.000386 0.0855 0.0238 0.0715
15  0.037200 0.05240 4.03e-02 0.01550 0.000208 0.0839 0.0229 0.0712
16  0.040700 0.05460 4.42e-02 0.01630 0.000291 0.0858 0.0235 0.0732
17  0.041500 0.05610 4.55e-02 0.01680 0.000352 0.0865 0.0243 0.0733
18  0.037100 0.05240 4.02e-02 0.01700 0.000384 0.0880 0.0228 0.0730
19  0.041000 0.05200 4.42e-02 0.01570 0.000291 0.0841 0.0212 0.0732
20  0.039700 0.05370 4.31e-02 0.01550 0.000208 0.0849 0.0229 0.0695
21  0.039500 0.05340 4.29e-02 0.01490 0.000208 0.0860 0.0218 0.0712
22  0.040700 0.05520 4.45e-02 0.01620 0.000291 0.0871 0.0238 0.0713
23  0.040700 0.05120 4.33e-02 0.01500 0.000171 0.0872 0.0240 0.0765
24  0.040300 0.05280 4.46e-02 0.01580 0.000252 0.0872 0.0232 0.0765
25  0.041700 0.05180 4.47e-02 0.01550 0.000252 0.0893 0.0231 0.0780
26  0.042000 0.05270 4.46e-02 0.01570 0.000252 0.0893 0.0249 0.0784
27  0.042000 0.05280 4.47e-02 0.01580 0.000224 0.0895 0.0250 0.0785
28  0.041900 0.05100 4.47e-02 0.01580 0.000252 0.0897 0.0240 0.0785
29  0.045900 0.05730 4.89e-02 0.01820 0.000532 0.0960 0.0278 0.0845
30  0.047300 0.05890 5.03e-02 0.01910 0.000660 0.0983 0.0284 0.0865
31  0.040500 0.05280 4.51e-02 0.01690 0.000333 0.0862 0.0260 0.0781
32  0.039600 0.05350 4.31e-02 0.01450 0.000149 0.0878 0.0237 0.0730
33  0.052700 0.06150 5.59e-02 0.01690 0.000208 0.0981 0.0228 0.0836
34  0.053500 0.06360 5.72e-02 0.01800 0.000318 0.0979 0.0238 0.0835
35  0.007810 0.01870 3.07e-04 0.03370 0.043700 0.0734 0.0439 0.0594
36  0.002170 0.01680 1.05e-02 0.03990 0.058700 0.0765 0.0687 0.0702
37  0.002170 0.01680 1.05e-02 0.03990 0.058700 0.0765 0.0687 0.0702
38  0.002770 0.01830 1.17e-02 0.04310 0.062100 0.0804 0.0725 0.0738
39  0.001620 0.01680 9.38e-03 0.03700 0.055500 0.0765 0.0650 0.0667
40  0.002750 0.01820 1.17e-02 0.03990 0.061800 0.0729 0.0720 0.0669
41  0.002770 0.01830 1.17e-02 0.03990 0.058700 0.0804 0.0687 0.0738
42  0.001520 0.01380 9.34e-03 0.03220 0.055300 0.0780 0.0647 0.0694
43  0.001860 0.01710 9.96e-03 0.03990 0.035100 0.0532 0.0430 0.0472
44  0.001140 0.02170 1.13e-02 0.03560 0.053400 0.0862 0.0629 0.0680
45  0.001570 0.02320 1.24e-02 0.03800 0.056100 0.0900 0.0659 0.0710
46  0.000827 0.02240 1.08e-02 0.03560 0.033400 0.0646 0.0411 0.0480
47  0.001260 0.02410 1.20e-02 0.03800 0.035600 0.0679 0.0436 0.0506
48  0.002050 0.02310 8.24e-03 0.04300 0.042600 0.0836 0.0453 0.0704
49  0.001780 0.02220 7.72e-03 0.04180 0.041300 0.0817 0.0440 0.0687
50  0.001840 0.02390 8.67e-03 0.04300 0.042600 0.0817 0.0454 0.0687
51  0.001980 0.02140 8.19e-03 0.04140 0.042600 0.0823 0.0428 0.0687
52  0.001740 0.02220 8.21e-03 0.04050 0.042600 0.0814 0.0450 0.0686
53  0.001580 0.02300 8.14e-03 0.04180 0.041400 0.0798 0.0441 0.0670
54  0.002010 0.02130 7.72e-03 0.04050 0.042600 0.0814 0.0450 0.0686
55  0.002010 0.02310 8.77e-03 0.04190 0.043900 0.0834 0.0464 0.0704
56  0.001540 0.02300 8.64e-03 0.04050 0.042600 0.0795 0.0451 0.0669
57  0.001780 0.02210 8.62e-03 0.04140 0.042600 0.0804 0.0428 0.0671
58  0.002110 0.02230 8.23e-03 0.04060 0.042600 0.0815 0.0451 0.0687
59  0.001680 0.02190 8.26e-03 0.04040 0.042600 0.0810 0.0472 0.0686
60  0.001800 0.02210 8.14e-03 0.04050 0.042600 0.0795 0.0451 0.0669
61  0.002280 0.02400 9.32e-03 0.04330 0.045200 0.0854 0.0477 0.0721
62  0.001490 0.02270 8.69e-03 0.04040 0.042600 0.0791 0.0473 0.0669
63  0.001900 0.02310 8.66e-03 0.04060 0.042700 0.0796 0.0452 0.0670
64  0.002000 0.02320 9.76e-03 0.04160 0.045200 0.0829 0.0500 0.0703
65  0.000687 0.01900 8.49e-03 0.03740 0.047900 0.0863 0.0430 0.0759
66  0.002170 0.01680 1.05e-02 0.03990 0.058700 0.0765 0.0687 0.0702
67  0.036900 0.03830 3.52e-02 0.00130 0.016300 0.0739 0.0286 0.0599
68  0.038200 0.03960 3.65e-02 0.00116 0.017100 0.0760 0.0297 0.0617
69  0.036800 0.03950 3.52e-02 0.00144 0.016300 0.0738 0.0285 0.0599
70  0.038200 0.03960 3.65e-02 0.00108 0.017000 0.0760 0.0297 0.0617
71  0.039500 0.04070 3.72e-02 0.00139 0.017700 0.0781 0.0308 0.0635
72  0.038100 0.04090 3.64e-02 0.00129 0.017100 0.0759 0.0296 0.0616
73  0.039500 0.04090 3.78e-02 0.00139 0.017700 0.0773 0.0308 0.0635
74  0.037900 0.03920 3.65e-02 0.00153 0.017100 0.0756 0.0293 0.0617
75  0.040700 0.04170 3.89e-02 0.00158 0.018700 0.0760 0.0319 0.0617
76  0.040400 0.04360 3.85e-02 0.00189 0.019100 0.0814 0.0332 0.0636
77  0.039000 0.04370 3.78e-02 0.00178 0.018500 0.0791 0.0319 0.0617
78  0.040300 0.04490 3.85e-02 0.00205 0.019100 0.0812 0.0331 0.0635
79  0.023100 0.00263 2.30e-02 0.04130 0.051700 0.0827 0.0639 0.0761
80  0.022200 0.00234 2.21e-02 0.04000 0.050300 0.0809 0.0623 0.0743
81  0.022400 0.00295 2.24e-02 0.04000 0.050300 0.0827 0.0622 0.0761
82  0.023900 0.00294 2.38e-02 0.04250 0.053200 0.0846 0.0656 0.0780
83  0.024000 0.00286 2.38e-02 0.04130 0.050300 0.0847 0.0622 0.0780
84  0.024000 0.00295 2.39e-02 0.04280 0.053200 0.0847 0.0657 0.0780
85  0.021500 0.00264 2.15e-02 0.03870 0.048900 0.0809 0.0607 0.0743
86  0.023100 0.00264 2.30e-02 0.04140 0.051800 0.0830 0.0623 0.0762
87  0.023100 0.00256 2.29e-02 0.04000 0.048900 0.0830 0.0607 0.0762
88  0.031700 0.00309 3.35e-02 0.04290 0.084600 0.1090 0.1070 0.1040
89  0.029900 0.00255 3.16e-02 0.04040 0.081200 0.1050 0.1030 0.1010
90  0.031800 0.00294 3.33e-02 0.04040 0.077800 0.1100 0.0986 0.1050
91  0.035500 0.00430 3.75e-02 0.04820 0.091800 0.1180 0.1150 0.1130
92  0.002170 0.01680 1.05e-02 0.03990 0.058700 0.0765 0.0687 0.0702
93  0.044000 0.05540 4.65e-02 0.01790 0.000399 0.0887 0.0244 0.0761
94  0.042600 0.05390 4.51e-02 0.01700 0.000299 0.0866 0.0235 0.0743
95  0.045400 0.05710 4.80e-02 0.01880 0.000513 0.0910 0.0254 0.0782
96  0.042600 0.05390 4.51e-02 0.01700 0.000331 0.0866 0.0235 0.0743
97  0.040000 0.05080 4.24e-02 0.01570 0.000162 0.0840 0.0217 0.0723
98  0.005230 0.01770 6.75e-06 0.03030 0.038600 0.0712 0.0413 0.0562
99  0.006720 0.01670 6.83e-04 0.02800 0.055100 0.0917 0.0571 0.0678
100 0.002170 0.01680 1.05e-02 0.03990 0.058700 0.0765 0.0687 0.0702
101 0.033000 0.03790 3.06e-02 0.00228 0.017900 0.0701 0.0266 0.0549
102 0.031800 0.03660 2.94e-02 0.00200 0.017100 0.0682 0.0256 0.0537
103 0.031800 0.03660 2.94e-02 0.00200 0.017300 0.0681 0.0256 0.0533
104 0.030700 0.03530 2.83e-02 0.00173 0.016500 0.0663 0.0246 0.0521
105 0.033100 0.03670 3.05e-02 0.00284 0.017600 0.0701 0.0266 0.0549
106 0.031800 0.03660 2.94e-02 0.00200 0.017300 0.0682 0.0256 0.0537
107 0.031700 0.03660 2.94e-02 0.00200 0.017300 0.0682 0.0256 0.0537
108 0.031600 0.03550 2.92e-02 0.00174 0.016500 0.0662 0.0246 0.0520
109 0.034600 0.03880 3.30e-02 0.00349 0.021600 0.0743 0.0267 0.0570
110 0.037900 0.04410 3.50e-02 0.00224 0.020700 0.0710 0.0276 0.0553
111 0.033800 0.04110 3.14e-02 0.00228 0.018800 0.0650 0.0266 0.0475
112 0.032600 0.03990 3.04e-02 0.00258 0.019600 0.0668 0.0276 0.0489
113 0.034300 0.04060 3.19e-02 0.00266 0.018800 0.0645 0.0295 0.0512
114 0.039400 0.05200 4.29e-02 0.01560 0.000407 0.0795 0.0221 0.0644
115 0.040700 0.05350 4.42e-02 0.01560 0.000516 0.0815 0.0221 0.0661
116 0.039400 0.05320 4.25e-02 0.01640 0.000364 0.0795 0.0221 0.0644
117 0.037000 0.04910 4.04e-02 0.01560 0.000407 0.0827 0.0211 0.0678
118 0.039200 0.05200 4.29e-02 0.01640 0.000637 0.0787 0.0239 0.0627
119 0.040700 0.05480 4.38e-02 0.01720 0.000470 0.0811 0.0230 0.0661
120 0.041700 0.05410 4.25e-02 0.01720 0.000588 0.0795 0.0221 0.0644


Coverage by patient:
131605576 131616614 131683812 131738749 131901367 131912616 131912624 131916374 131924997 131929413 131949113 131956471 
    11216      8864      7811      6165     74391      7931      9018      6590     16283      9157     12179      5519 


Summary by coverage in number of reads classified:
              A     B    C     D     E F G H flag
131605576   139 11077    0     0     0 0 0 0     
131616614     0     0    0     0  8864 0 0 0     
131683812     0     0    0     0  7811 0 0 0     
131738749   149     0 6016     0     0 0 0 0     
131901367 74391     0    0     0     0 0 0 0     
131912616  7931     0    0     0     0 0 0 0     
131912624     0     0    0  9018     0 0 0 0     
131916374   110  6480    0     0     0 0 0 0     
131924997     0     0    0     0 16283 0 0 0     
131929413   242     0 8915     0     0 0 0 0     
131949113     0     0    0 12179     0 0 0 0     
131956471     0     0    0     0  5519 0 0 0     


Summary in percentage by genotype:
               A     B     C   D   E F G H flag
131605576   1.24 98.76  0.00   0   0 0 0 0     
131616614   0.00  0.00  0.00   0 100 0 0 0     
131683812   0.00  0.00  0.00   0 100 0 0 0     
131738749   2.42  0.00 97.58   0   0 0 0 0     
131901367 100.00  0.00  0.00   0   0 0 0 0     
131912616 100.00  0.00  0.00   0   0 0 0 0     
131912624   0.00  0.00  0.00 100   0 0 0 0     
131916374   1.67 98.33  0.00   0   0 0 0 0     
131924997   0.00  0.00  0.00   0 100 0 0 0     
131929413   2.64  0.00 97.36   0   0 0 0 0     
131949113   0.00  0.00  0.00 100   0 0 0 0     
131956471   0.00  0.00  0.00   0 100 0 0 0     
