
   GENOTYPING HBV CONSENSUS HAPLOTYPES
=========================================

 Results of discriminant analysis by the DB rule:



Coverage by patient:
131605576 131616614 131683812 131738749 131901367 131912616 131912624 131916374 131924997 131929413 131949113 131956471 
    11216      8864      7811      6165     74391      7931      9018      6590     16283      9157     12179      5519 


Summary by coverage in number of reads classified:

              A     B    C     D     E F G H flag
131605576   139 11077    0     0     0 0 0 0     
131616614     0     0    0     0  8864 0 0 0     
131683812     0     0    0     0  7811 0 0 0     
131738749   149     0 6016     0     0 0 0 0     
131901367 74391     0    0     0     0 0 0 0     
131912616  7931     0    0     0     0 0 0 0     
131912624     0     0    0  9018     0 0 0 0     
131916374   110  6480    0     0     0 0 0 0     
131924997     0     0    0     0 16283 0 0 0     
131929413   242     0 8915     0     0 0 0 0     
131949113     0     0    0 12179     0 0 0 0     
131956471     0     0    0     0  5519 0 0 0     


Summary in percentage by genotype:

               A     B     C   D   E F G H flag
131605576   1.24 98.76  0.00   0   0 0 0 0     
131616614   0.00  0.00  0.00   0 100 0 0 0     
131683812   0.00  0.00  0.00   0 100 0 0 0     
131738749   2.42  0.00 97.58   0   0 0 0 0     
131901367 100.00  0.00  0.00   0   0 0 0 0     
131912616 100.00  0.00  0.00   0   0 0 0 0     
131912624   0.00  0.00  0.00 100   0 0 0 0     
131916374   1.67 98.33  0.00   0   0 0 0 0     
131924997   0.00  0.00  0.00   0 100 0 0 0     
131929413   2.64  0.00 97.36   0   0 0 0 0     
131949113   0.00  0.00  0.00 100   0 0 0 0     
131956471   0.00  0.00  0.00   0 100 0 0 0     


Globally by genotype:

    A     B     C     D     E     F     G     H 
17.33 16.42 16.25 16.67 33.33  0.00  0.00  0.00 

sorted in decreasing order:

    E     A     D     B     C     F     G     H 
33.33 17.33 16.67 16.42 16.25  0.00  0.00  0.00 
