
   GENOTYPING HBV CONSENSUS HAPLOTYPES
=========================================

 Results of discriminant analysis by the DB rule:

         Pnm      Ampl                Hpl Type  MinPhi2 NextMin Ratio flag
1  131605576 1255:1611 0.0001|13987|84.94    A 0.000683 0.00525  7.69     
2  131605576 1255:1611   1.0001|1079|6.55    A 0.000908 0.00573  6.31     
3  131605576 1255:1611    1.0002|861|5.23    A 0.000887 0.00485  5.47     
4  131605576 1255:1611   22.0001|417|2.53    D 0.000294 0.00321 10.92     
5  131616614 1255:1611  0.0001|1723|76.31    A 0.000683 0.00525  7.69     
6  131616614 1255:1611    1.0001|178|7.88    A 0.000908 0.00493  5.43     
7  131616614 1255:1611    1.0002|138|6.11    A 0.000518 0.00492  9.50     
8  131683812 1255:1611 0.0001|11498|50.82    A 0.000683 0.00525  7.69     
9  131683812 1255:1611    1.0001|686|3.03    A 0.000911 0.00574  6.30     
10 131683812 1255:1611    1.0002|556|2.46    A 0.000898 0.00522  5.81     
11 131683812 1255:1611    1.0003|243|1.07    A 0.000911 0.00477  5.24     
12 131683812 1255:1611    2.0001|513|2.27    A 0.000918 0.00443  4.83     
13 131683812 1255:1611   22.0001|239|1.06    E 0.000317 0.00357 11.26     
14 131683812 1255:1611   23.0001|286|1.26    E 0.000165 0.00334 20.24     
15 131683812 1255:1611    24.0001|3846|17    E 0.000121 0.00374 30.91     
16 131683812 1255:1611   24.0002|960|4.24    E 0.000251 0.00365 14.54     
17 131683812 1255:1611   24.0003|458|2.02    E 0.000211 0.00387 18.34     
18 131683812 1255:1611   24.0004|424|1.87    E 0.000211 0.00394 18.67     
19 131683812 1255:1611    25.0001|543|2.4    E 0.000211 0.00415 19.67     
20 131683812 1255:1611   25.0002|519|2.29    E 0.000318 0.00368 11.57     
21 131683812 1255:1611   26.0001|286|1.26    E 0.000317 0.00373 11.77     
22 131683812 1255:1611   40.0001|229|1.01    E 0.003800 0.01250  3.29     
23 131738749 1255:1611  0.0001|9424|53.65    A 0.000683 0.00525  7.69     
24 131738749 1255:1611    1.0001|502|2.86    A 0.000911 0.00567  6.22     
25 131738749 1255:1611    1.0002|478|2.72    A 0.000743 0.00574  7.72     
26 131738749 1255:1611     1.0003|439|2.5    A 0.000911 0.00477  5.24     
27 131738749 1255:1611    1.0004|437|2.49    A 0.000911 0.00574  6.30     
28 131738749 1255:1611    2.0001|971|5.53    A 0.000714 0.00475  6.65     
29 131738749 1255:1611   27.0001|428|2.44    C 0.000411 0.00439 10.68     
30 131738749 1255:1611  28.0001|4233|24.1    C 0.000198 0.00485 24.50     
31 131738749 1255:1611   32.0001|251|1.43    C 0.000789 0.00648  8.21     
32 131901367 1255:1611 0.0001|11575|49.95    A 0.000683 0.00525  7.69     
33 131901367 1255:1611    1.0001|461|1.99    A 0.000911 0.00571  6.27     
34 131901367 1255:1611    1.0002|444|1.92    A 0.000911 0.00569  6.25     
35 131901367 1255:1611    1.0003|432|1.86    A 0.000911 0.00574  6.30     
36 131901367 1255:1611    1.0004|307|1.32    A 0.000911 0.00574  6.30     
37 131901367 1255:1611    9.0001|237|1.02    A 0.000461 0.00378  8.20     
38 131901367 1255:1611   15.0001|374|1.61    A 0.000883 0.00417  4.72     
39 131901367 1255:1611   15.0002|311|1.34    A 0.000801 0.00378  4.72     
40 131901367 1255:1611 16.0001|5945|25.66    A 0.001030 0.00417  4.05     
41 131901367 1255:1611   17.0001|501|2.16    A 0.001200 0.00378  3.15     
42 131901367 1255:1611    17.0002|440|1.9    A 0.001210 0.00457  3.78     
43 131901367 1255:1611   17.0003|392|1.69    A 0.001270 0.00457  3.60     
44 131901367 1255:1611   31.0001|623|2.69    C 0.000738 0.00476  6.45     
45 131901367 1255:1611   32.0001|356|1.54    C 0.000685 0.00578  8.44     
46 131912616 1255:1611  0.0001|4818|62.81    A 0.000683 0.00525  7.69     
47 131912616 1255:1611    3.0001|107|1.39    A 0.000725 0.00427  5.89     
48 131912616 1255:1611    8.0001|134|1.75    A 0.000315 0.00334 10.60     
49 131912616 1255:1611   16.0001|243|3.17    A 0.001050 0.00334  3.18     
50 131912616 1255:1611   17.0001|271|3.53    A 0.001300 0.00371  2.85     
51 131912616 1255:1611   17.0002|236|3.08    A 0.001280 0.00333  2.60     
52 131912616 1255:1611   18.0001|336|4.38    A 0.001540 0.00370  2.40     
53 131912616 1255:1611   18.0002|190|2.48    A 0.001430 0.00353  2.47     
54 131912616 1255:1611   18.0003|179|2.33    A 0.001110 0.00299  2.69     
55 131912624 1255:1611 0.0001|18026|87.25    A 0.000683 0.00525  7.69     
56 131912624 1255:1611    1.0001|1156|5.6    A 0.000911 0.00574  6.30     
57 131912624 1255:1611  18.0001|1271|6.15    A 0.001090 0.00378  3.47     
58 131916374 1255:1611   0.0001|7484|60.9    A 0.000683 0.00525  7.69     
59 131916374 1255:1611    1.0001|682|5.55    A 0.000898 0.00522  5.81     
60 131916374 1255:1611    1.0002|376|3.06    A 0.000911 0.00574  6.30     
61 131916374 1255:1611    1.0003|335|2.73    A 0.000908 0.00573  6.31     
62 131916374 1255:1611    1.0004|331|2.69    A 0.000908 0.00573  6.31     
63 131916374 1255:1611    1.0005|215|1.75    A 0.000911 0.00574  6.30     
64 131916374 1255:1611 29.0001|1869|15.21    B 0.000742 0.00525  7.08     
65 131916374 1255:1611   29.0002|255|2.07    B 0.000942 0.00525  5.57     
66 131916374 1255:1611    29.0003|147|1.2    B 0.000790 0.00525  6.65     
67 131924997 1255:1611  0.0001|11456|80.6    E 0.000407 0.00309  7.59     
68 131924997 1255:1611    1.0001|688|4.84    E 0.000312 0.00276  8.85     
69 131924997 1255:1611    1.0002|273|1.92    E 0.000542 0.00337  6.22     
70 131924997 1255:1611    1.0003|191|1.34    E 0.000360 0.00312  8.67     
71 131924997 1255:1611    1.0004|149|1.05    E 0.000445 0.00281  6.32     
72 131924997 1255:1611   23.0001|510|3.59    A 0.000683 0.00525  7.69     
73 131929413 1255:1611  0.0001|7343|94.15    C 0.000782 0.00529  6.76     
74 131929413 1255:1611   30.0001|305|3.91    A 0.000683 0.00525  7.69     
75 131949113 1255:1611 0.0001|16639|64.47    A 0.000683 0.00525  7.69     
76 131949113 1255:1611   1.0001|2187|8.47    A 0.000853 0.00491  5.76     
77 131949113 1255:1611    1.0002|937|3.63    A 0.000908 0.00573  6.31     
78 131949113 1255:1611     1.0003|567|2.2    A 0.000911 0.00574  6.30     
79 131949113 1255:1611   30.0001|642|2.49    D 0.000932 0.00397  4.26     
80 131949113 1255:1611  32.0001|2267|8.78    C 0.000685 0.00578  8.44     
81 131949113 1255:1611   32.0002|584|2.26    D 0.001450 0.00462  3.19     
82 131949113 1255:1611   33.0001|745|2.89    C 0.000966 0.00632  6.54     
83 131949113 1255:1611   34.0001|480|1.86    D 0.002000 0.00551  2.76     
84 131956471 1255:1611  0.0001|1668|36.19    A 0.000683 0.00525  7.69     
85 131956471 1255:1611   23.0001|180|3.91    E 0.000244 0.00388 15.90     
86 131956471 1255:1611  24.0001|606|13.15    E 0.000149 0.00348 23.36     
87 131956471 1255:1611   24.0002|114|2.47    E 0.000355 0.00430 12.11     
88 131956471 1255:1611  25.0001|909|19.72    E 0.000243 0.00389 16.01     
89 131956471 1255:1611   26.0001|208|4.51    E 0.000355 0.00422 11.89     

     Phi2.A   Phi2.B   Phi2.C   Phi2.D   Phi2.E  Phi2.F  Phi2.G  Phi2.H
1  0.000683 0.005250 0.007240 0.006070 0.005300 0.01340 0.00536 0.01620
2  0.000908 0.005730 0.007830 0.006580 0.005760 0.01420 0.00582 0.01710
3  0.000887 0.005690 0.007730 0.006600 0.004850 0.01420 0.00491 0.01710
4  0.003950 0.003280 0.005410 0.000294 0.003210 0.01130 0.00801 0.00851
5  0.000683 0.005250 0.007240 0.006070 0.005300 0.01340 0.00536 0.01620
6  0.000908 0.005730 0.007340 0.006390 0.004930 0.01410 0.00582 0.01710
7  0.000518 0.005510 0.006720 0.006340 0.005760 0.01290 0.00492 0.01670
8  0.000683 0.005250 0.007240 0.006070 0.005300 0.01340 0.00536 0.01620
9  0.000911 0.005740 0.007850 0.006600 0.005780 0.01390 0.00584 0.01710
10 0.000898 0.005220 0.007780 0.006100 0.005780 0.01320 0.00584 0.01620
11 0.000911 0.004770 0.006690 0.005560 0.004850 0.01260 0.00584 0.01530
12 0.000918 0.004430 0.006420 0.005210 0.004430 0.01220 0.00538 0.01530
13 0.003570 0.005170 0.004410 0.004480 0.000317 0.01050 0.00582 0.01320
14 0.003800 0.004030 0.003400 0.003340 0.000165 0.01010 0.00584 0.01170
15 0.003950 0.004360 0.003770 0.003740 0.000121 0.00938 0.00584 0.01240
16 0.003650 0.004500 0.003650 0.003930 0.000251 0.00964 0.00584 0.01360
17 0.004150 0.004750 0.003870 0.004150 0.000211 0.00905 0.00632 0.01300
18 0.003950 0.004770 0.003940 0.004060 0.000211 0.00967 0.00584 0.01320
19 0.004370 0.004800 0.004200 0.004150 0.000211 0.01000 0.00632 0.01320
20 0.004380 0.005230 0.003680 0.004490 0.000318 0.00995 0.00633 0.01400
21 0.004040 0.005050 0.003730 0.004390 0.000317 0.00964 0.00584 0.01360
22 0.013700 0.013600 0.014100 0.012500 0.003800 0.02370 0.01690 0.02850
23 0.000683 0.005250 0.007240 0.006070 0.005300 0.01340 0.00536 0.01620
24 0.000911 0.005670 0.007850 0.006600 0.005780 0.01420 0.00584 0.01710
25 0.000743 0.005740 0.007180 0.006560 0.005780 0.01340 0.00584 0.01620
26 0.000911 0.004770 0.006690 0.005560 0.004850 0.01260 0.00584 0.01530
27 0.000911 0.005740 0.007850 0.006600 0.005780 0.01420 0.00584 0.01710
28 0.000714 0.004750 0.007230 0.005590 0.005300 0.01240 0.00536 0.01620
29 0.004390 0.007500 0.000411 0.006440 0.005890 0.00729 0.00663 0.00967
30 0.004850 0.006930 0.000198 0.005910 0.005410 0.00671 0.00717 0.00902
31 0.006680 0.007690 0.000789 0.007780 0.006720 0.00648 0.00826 0.01020
32 0.000683 0.005250 0.007240 0.006070 0.005300 0.01340 0.00536 0.01620
33 0.000911 0.005710 0.007810 0.006600 0.005780 0.01420 0.00584 0.01710
34 0.000911 0.005690 0.007850 0.006600 0.005780 0.01420 0.00584 0.01710
35 0.000911 0.005740 0.007850 0.006600 0.005780 0.01420 0.00584 0.01710
36 0.000911 0.005740 0.007850 0.006530 0.005780 0.01420 0.00584 0.01710
37 0.000461 0.005400 0.006310 0.005610 0.004510 0.01100 0.00378 0.01560
38 0.000883 0.005360 0.004660 0.005070 0.005580 0.01010 0.00417 0.01500
39 0.000801 0.005280 0.004620 0.005070 0.004920 0.00881 0.00378 0.01500
40 0.001030 0.005740 0.005090 0.005560 0.005370 0.00946 0.00417 0.01580
41 0.001200 0.006140 0.005110 0.006040 0.005850 0.00946 0.00378 0.01620
42 0.001210 0.006210 0.005450 0.006050 0.005840 0.00963 0.00457 0.01670
43 0.001270 0.006240 0.005430 0.005110 0.005840 0.00998 0.00457 0.01520
44 0.006400 0.005690 0.000738 0.005390 0.004760 0.00629 0.00889 0.00776
45 0.006440 0.007280 0.000685 0.007620 0.006680 0.00578 0.00762 0.01030
46 0.000683 0.005250 0.007240 0.006070 0.005300 0.01340 0.00536 0.01620
47 0.000725 0.006070 0.006730 0.006150 0.004270 0.01110 0.00451 0.01540
48 0.000315 0.004490 0.005420 0.005440 0.003860 0.00966 0.00334 0.01460
49 0.001050 0.003520 0.004010 0.003760 0.003590 0.00824 0.00334 0.01310
50 0.001300 0.003930 0.004480 0.004040 0.003980 0.00876 0.00371 0.01390
51 0.001280 0.003510 0.004130 0.003910 0.003580 0.00830 0.00333 0.01300
52 0.001540 0.003920 0.004610 0.004190 0.003970 0.00882 0.00370 0.01380
53 0.001430 0.003870 0.003790 0.004310 0.003960 0.00781 0.00353 0.01230
54 0.001110 0.003730 0.003720 0.004130 0.003960 0.00793 0.00299 0.01350
55 0.000683 0.005250 0.007240 0.006070 0.005300 0.01340 0.00536 0.01620
56 0.000911 0.005740 0.007850 0.006600 0.005780 0.01420 0.00584 0.01710
57 0.001090 0.005040 0.005020 0.004710 0.005040 0.00978 0.00378 0.01530
58 0.000683 0.005250 0.007240 0.006070 0.005300 0.01340 0.00536 0.01620
59 0.000898 0.005220 0.007780 0.006100 0.005780 0.01320 0.00584 0.01620
60 0.000911 0.005740 0.007850 0.006600 0.005780 0.01340 0.00584 0.01640
61 0.000908 0.005730 0.007830 0.006580 0.005760 0.01420 0.00582 0.01710
62 0.000908 0.005730 0.007830 0.006580 0.005760 0.01420 0.00582 0.01710
63 0.000911 0.005740 0.007740 0.006530 0.005780 0.01420 0.00584 0.01710
64 0.005250 0.000742 0.007040 0.005410 0.006720 0.00825 0.00633 0.01120
65 0.005250 0.000942 0.007280 0.005800 0.007270 0.00846 0.00633 0.01200
66 0.005250 0.000790 0.007040 0.005410 0.006720 0.00825 0.00633 0.01120
67 0.004070 0.004350 0.004280 0.003090 0.000407 0.01160 0.00736 0.01040
68 0.003870 0.004350 0.004270 0.002760 0.000312 0.01220 0.00682 0.01110
69 0.004110 0.004700 0.004510 0.003370 0.000542 0.01200 0.00790 0.01040
70 0.004060 0.004450 0.004000 0.003120 0.000360 0.01090 0.00683 0.00976
71 0.004060 0.004130 0.004170 0.002810 0.000445 0.01160 0.00736 0.01040
72 0.000683 0.005250 0.007240 0.006070 0.005300 0.01340 0.00536 0.01620
73 0.006230 0.006740 0.000782 0.006240 0.005290 0.00653 0.00889 0.00772
74 0.000683 0.005250 0.007240 0.006070 0.005300 0.01340 0.00536 0.01620
75 0.000683 0.005250 0.007240 0.006070 0.005300 0.01340 0.00536 0.01620
76 0.000853 0.005620 0.007270 0.006560 0.005780 0.01340 0.00491 0.01660
77 0.000908 0.005730 0.007830 0.006580 0.005760 0.01420 0.00582 0.01710
78 0.000911 0.005740 0.007850 0.006600 0.005780 0.01420 0.00584 0.01710
79 0.006430 0.003970 0.005960 0.000932 0.006020 0.01260 0.01070 0.00971
80 0.006440 0.007280 0.000685 0.007620 0.006680 0.00578 0.00762 0.01030
81 0.008110 0.004620 0.007380 0.001450 0.006240 0.01460 0.01130 0.01060
82 0.007000 0.007860 0.000966 0.008220 0.007230 0.00632 0.00820 0.01100
83 0.009330 0.005510 0.008390 0.002000 0.007270 0.01570 0.01240 0.01190
84 0.000683 0.005250 0.007240 0.006070 0.005300 0.01340 0.00536 0.01620
85 0.003880 0.004610 0.005140 0.004760 0.000244 0.01110 0.00584 0.01330
86 0.004150 0.004650 0.004640 0.003480 0.000149 0.01090 0.00632 0.01110
87 0.004300 0.005060 0.005650 0.005220 0.000355 0.01190 0.00632 0.01410
88 0.004590 0.004850 0.005140 0.003890 0.000243 0.01160 0.00683 0.01190
89 0.004790 0.005330 0.005620 0.004220 0.000355 0.01220 0.00632 0.01260


Coverage by patient:
131605576 131616614 131683812 131738749 131901367 131912616 131912624 131916374 131924997 131929413 131949113 131956471 
    16344      2039     21286     17163     22398      6514     20453     11694     13267      7648     25048      3685 


Summary by coverage in number of reads classified:
              A    B    C    D     E F G H flag
131605576 15927    0    0  417     0 0 0 0     
131616614  2039    0    0    0     0 0 0 0     
131683812 13496    0    0    0  7790 0 0 0     
131738749 12251    0 4912    0     0 0 0 0     
131901367 21419    0  979    0     0 0 0 0     
131912616  6514    0    0    0     0 0 0 0     
131912624 20453    0    0    0     0 0 0 0     
131916374  9423 2271    0    0     0 0 0 0     
131924997   510    0    0    0 12757 0 0 0     
131929413   305    0 7343    0     0 0 0 0     
131949113 20330    0 3012 1706     0 0 0 0     
131956471  1668    0    0    0  2017 0 0 0     


Summary in percentage by genotype:
               A     B     C    D     E F G H flag
131605576  97.45  0.00  0.00 2.55  0.00 0 0 0     
131616614 100.00  0.00  0.00 0.00  0.00 0 0 0     
131683812  63.40  0.00  0.00 0.00 36.60 0 0 0     
131738749  71.38  0.00 28.62 0.00  0.00 0 0 0     
131901367  95.63  0.00  4.37 0.00  0.00 0 0 0     
131912616 100.00  0.00  0.00 0.00  0.00 0 0 0     
131912624 100.00  0.00  0.00 0.00  0.00 0 0 0     
131916374  80.58 19.42  0.00 0.00  0.00 0 0 0     
131924997   3.84  0.00  0.00 0.00 96.16 0 0 0     
131929413   3.99  0.00 96.01 0.00  0.00 0 0 0     
131949113  81.16  0.00 12.02 6.81  0.00 0 0 0     
131956471  45.26  0.00  0.00 0.00 54.74 0 0 0     
